fill 8  4 6  7      4   1    65 5 9 3 78 1   7     48 2 1 3 52    9   1      3  9 2  5

 | 8 |   |   | 4 |   | 6 |   |   | 7 | 
 |   |   |   |   |   |   | 4 |   |   | 
 |   | 1 |   |   |   |   | 6 | 5 |   | 
 | 5 |   | 9 |   | 3 |   | 7 | 8 |   | 
 | 1 |   |   |   | 7 |   |   |   |   | 
 |   | 4 | 8 |   | 2 |   | 1 |   | 3 | 
 |   | 5 | 2 |   |   |   |   | 9 |   | 
 |   |   | 1 |   |   |   |   |   |   | 
 | 3 |   |   | 9 |   | 2 |   |   | 5 | 

 | 8 |   |   | 4 |   | 6 | 9 |   | 7 | 
 |   |   |   |   |   |   | 4 |   |   | 
 |   | 1 |   |   |   |   | 6 | 5 |   | 
 | 5 |   | 9 |   | 3 |   | 7 | 8 |   | 
 | 1 |   |   |   | 7 |   | 5 |   |   | 
 | 7 | 4 | 8 | 5 | 2 | 9 | 1 | 6 | 3 | 
 |   | 5 | 2 |   |   |   | 3 | 9 |   | 
 |   |   | 1 |   |   |   | 2 |   |   | 
 | 3 |   |   | 9 |   | 2 | 8 |   | 5 | 


fill     376     6   9   8     4 9      16       93      4 7     8   1   9     254    